3.0266898018973216
3.0266898018973216
3.0266898018973216
3.0266898018973216
3.0266898018973216
3.0266898018973216
3.0266898018973216
5.695274897984096
5.695274897984096
5.695274897984096
5.695274897984096
5.695274897984096
5.695274897984096
5.695274897984096
1.995291028703962
1.995291028703962
1.995291028703962
1.995291028703962
1.995291028703962
1.995291028703962
1.995291028703962
3.7629263741629466
3.7629263741629466
3.7629263741629466
3.7629263741629466
3.7629263741629466
3.7629263741629466
3.7629263741629466
4.956790379115513
4.956790379115513
4.956790379115513
4.956790379115513
4.956790379115513
4.956790379115513
4.956790379115513
4.857812608991351
4.857812608991351
4.857812608991351
4.857812608991351
4.857812608991351
4.857812608991351
4.857812608991351
5.179132734026227
5.179132734026227
5.179132734026227
5.179132734026227
5.179132734026227
5.179132734026227
5.179132734026227
1.1516979762486048
1.1516979762486048
1.1516979762486048
1.1516979762486048
1.1516979762486048
1.1516979762486048
1.1516979762486048
8.710520608084542
8.710520608084542
8.710520608084542
8.710520608084542
8.710520608084542
8.710520608084542
8.710520608084542
6.346702575683594
6.346702575683594
6.346702575683594
6.346702575683594
6.346702575683594
6.346702575683594
6.346702575683594
1.8072809491838728
1.8072809491838728
1.8072809491838728
1.8072809491838728
1.8072809491838728
1.8072809491838728
1.8072809491838728
15.951224735804965
15.951224735804965
15.951224735804965
15.951224735804965
15.951224735804965
15.951224735804965
15.951224735804965
11.291776384626116
11.291776384626116
11.291776384626116
11.291776384626116
11.291776384626116
11.291776384626116
11.291776384626116
15.994344438825335
15.994344438825335
15.994344438825335
15.994344438825335
15.994344438825335
15.994344438825335
15.994344438825335
8.888380868094307
8.888380868094307
8.888380868094307
8.888380868094307
8.888380868094307
8.888380868094307
8.888380868094307
7.607800619942801
7.607800619942801
7.607800619942801
7.607800619942801
7.607800619942801
7.607800619942801
7.607800619942801
8.158820016043526
8.158820016043526
8.158820016043526
8.158820016043526
8.158820016043526
8.158820016043526
8.158820016043526
6.813934871128628
6.813934871128628
6.813934871128628
6.813934871128628
6.813934871128628
6.813934871128628
6.813934871128628
4.459449223109654
4.459449223109654
4.459449223109654
4.459449223109654
4.459449223109654
4.459449223109654
4.459449223109654
3.490516117640904
3.490516117640904
3.490516117640904
3.490516117640904
3.490516117640904
3.490516117640904
3.490516117640904
5.0121034894670755
5.0121034894670755
5.0121034894670755
5.0121034894670755
5.0121034894670755
5.0121034894670755
5.0121034894670755
0.9444781712123326
0.9444781712123326
0.9444781712123326
0.9444781712123326
0.9444781712123326
0.9444781712123326
0.9444781712123326
3.727436065673828
3.727436065673828
3.727436065673828
3.727436065673828
3.727436065673828
3.727436065673828
3.727436065673828
0.4098755972726004
0.4098755972726004
0.4098755972726004
0.4098755972726004
0.4098755972726004
0.4098755972726004
0.4098755972726004
2.988202231270926
2.988202231270926
2.988202231270926
2.988202231270926
2.988202231270926
2.988202231270926
2.988202231270926
0.072615487
0.072615487
0.072615487
0.072615487
0.072615487
0.072615487
0.072615487
1.010486057826451
1.010486057826451
1.010486057826451
1.010486057826451
1.010486057826451
1.010486057826451
1.010486057826451
3.3470562526157925
3.3470562526157925
3.3470562526157925
3.3470562526157925
3.3470562526157925
3.3470562526157925
3.3470562526157925
1.171520778111049
1.171520778111049
1.171520778111049
1.171520778111049
1.171520778111049
1.171520778111049
1.171520778111049
1.6683169773646764
1.6683169773646764
1.6683169773646764
1.6683169773646764
1.6683169773646764
1.6683169773646764
1.6683169773646764
2.4627276829310825
2.4627276829310825
2.4627276829310825
2.4627276829310825
2.4627276829310825
2.4627276829310825
2.4627276829310825
1.758847917829241
1.758847917829241
1.758847917829241
1.758847917829241
1.758847917829241
1.758847917829241
1.758847917829241
3.1489644731794084
3.1489644731794084
3.1489644731794084
3.1489644731794084
3.1489644731794084
3.1489644731794084
3.1489644731794084
2.983910696847098
2.983910696847098
2.983910696847098
2.983910696847098
2.983910696847098
2.983910696847098
2.983910696847098
3.142016274588449
3.142016274588449
3.142016274588449
3.142016274588449
3.142016274588449
3.142016274588449
3.142016274588449
6.283691951206753
6.283691951206753
6.283691951206753
6.283691951206753
6.283691951206753
6.283691951206753
6.283691951206753
1.3643673488071986
1.3643673488071986
1.3643673488071986
1.3643673488071986
1.3643673488071986
1.3643673488071986
1.3643673488071986
4.810537610735212
4.810537610735212
4.810537610735212
4.810537610735212
4.810537610735212
4.810537610735212
4.810537610735212
3.346375056675502
3.346375056675502
3.346375056675502
3.346375056675502
3.346375056675502
3.346375056675502
3.346375056675502
6.549562726702009
6.549562726702009
6.549562726702009
6.549562726702009
6.549562726702009
6.549562726702009
6.549562726702009
9.153502328055245
9.153502328055245
9.153502328055245
9.153502328055245
9.153502328055245
9.153502328055245
9.153502328055245
2.5628634861537387
2.5628634861537387
2.5628634861537387
2.5628634861537387
2.5628634861537387
2.5628634861537387
2.5628634861537387
5.9073993137904575
5.9073993137904575
5.9073993137904575
5.9073993137904575
5.9073993137904575
5.9073993137904575
5.9073993137904575
3.2388823372977122
3.2388823372977122
3.2388823372977122
3.2388823372977122
3.2388823372977122
3.2388823372977122
3.2388823372977122
3.779479435511998
3.779479435511998
3.779479435511998
3.779479435511998
3.779479435511998
3.779479435511998
3.779479435511998
10.15261241367885
10.15261241367885
10.15261241367885
10.15261241367885
10.15261241367885
10.15261241367885
10.15261241367885
16.498497554234095
16.498497554234095
16.498497554234095
16.498497554234095
16.498497554234095
16.498497554234095
16.498497554234095
12.063980102539062
12.063980102539062
12.063980102539062
12.063980102539062
12.063980102539062
12.063980102539062
12.063980102539062
3.4894262041364397
3.4894262041364397
3.4894262041364397
3.4894262041364397
3.4894262041364397
3.4894262041364397
3.4894262041364397
2.623762403215681
2.623762403215681
2.623762403215681
2.623762403215681
2.623762403215681
2.623762403215681
2.623762403215681
11.11807141985212
11.11807141985212
11.11807141985212
11.11807141985212
11.11807141985212
11.11807141985212
11.11807141985212
5.308968680245536
5.308968680245536
5.308968680245536
5.308968680245536
5.308968680245536
5.308968680245536
5.308968680245536
5.308968680245536
